341.05	-63.19
341.43	-63.19
341.82	-63.19
342.20	-36.67
342.58	-49.15
342.96	-61.63
343.34	-41.35
343.73	-27.31
344.11	-35.89
344.49	-17.94
344.87	-9.36
345.25	-72.56
345.64	-67.88
346.02	-82.70
346.40	-67.10
346.78	-35.89
347.16	-23.41
347.55	-55.39
347.93	-63.97
348.31	-19.50
348.69	-49.15
349.07	-35.89
349.45	-47.59
349.83	-71.00
350.22	-19.50
350.60	-90.50
350.98	-17.16
351.36	-88.94
351.74	-17.16
352.12	-39.01
352.50	-28.87
352.88	-54.61
353.27	-42.91
353.65	-86.60
354.03	-35.89
354.41	-87.38
354.79	-99.08
355.17	-5.46
355.55	0.00
355.93	-72.56
356.31	-46.81
356.69	-27.31
357.08	-63.97
357.46	-34.33
357.84	-14.04
358.22	-70.22
358.60	-81.92
358.98	3.90
359.36	-53.83
359.74	-21.06
360.12	-46.81
360.50	-78.02
360.88	-3.90
361.26	-1.56
361.64	-13.26
362.02	-53.05
362.40	-26.53
362.78	-42.91
363.16	-62.41
363.54	-33.55
363.92	-40.57
364.30	-56.17
364.68	-47.59
365.06	-14.82
365.44	-35.11
365.82	-45.25
366.20	-38.23
366.58	-12.48
366.96	-58.51
367.34	-42.91
367.72	-42.91
368.10	35.89
368.48	-8.58
368.86	-3.90
369.24	-46.81
369.62	-51.49
370.00	5.46
370.38	-55.39
370.75	-71.78
371.13	-9.36
371.51	-81.14
371.89	-50.71
372.27	-71.00
372.65	-37.45
373.03	-23.41
373.41	-19.50
373.79	-44.47
374.17	-50.71
374.55	-67.10
374.92	-50.71
375.30	-46.03
375.68	-20.28
376.06	7.02
376.44	10.14
376.82	-20.28
377.20	-53.05
377.58	-45.25
377.95	0.78
378.33	9.36
378.71	-13.26
379.09	-12.48
379.47	22.63
379.85	-42.91
380.22	-50.71
380.60	-49.15
380.98	-48.37
381.36	-11.70
381.74	-31.21
382.11	2.34
382.49	-39.79
382.87	-17.94
383.25	-57.73
383.63	-21.84
384.00	-34.33
384.38	9.36
384.76	-18.72
385.14	29.65
385.52	-3.90
385.89	-14.82
386.27	-10.14
386.65	-112.35
387.03	-10.14
387.40	-39.79
387.78	-85.04
388.16	4.68
388.54	-30.43
388.91	42.13
389.29	-17.94
389.67	14.04
390.05	24.19
390.42	-25.75
390.80	-45.25
391.18	10.14
391.55	-89.72
391.93	-13.26
392.31	8.58
392.68	4.68
393.06	17.16
393.44	0.00
393.82	-0.78
394.19	-21.06
394.57	0.78
394.95	10.14
395.32	-6.24
395.70	-31.21
396.08	19.50
396.45	0.78
396.83	-1.56
397.21	-38.23
397.58	-16.38
397.96	10.14
398.33	13.26
398.71	31.21
399.09	51.49
399.46	1.56
399.84	-4.68
400.22	-3.90
400.59	43.69
400.97	21.06
401.34	27.31
401.72	-17.94
402.10	19.50
402.47	50.71
402.85	-28.87
403.22	-1.56
403.60	3.90
403.97	41.35
404.35	32.77
404.73	13.26
405.10	40.57
405.48	-17.16
405.85	-17.16
406.23	17.94
406.60	48.37
406.98	42.91
407.35	31.99
407.73	10.14
408.11	-24.97
408.48	30.43
408.86	15.60
409.23	25.75
409.61	51.49
409.98	5.46
410.36	-6.24
410.73	-24.97
411.11	-9.36
411.48	75.68
411.86	-15.60
412.23	34.33
412.61	29.65
412.98	32.77
413.35	24.19
413.73	48.37
414.10	-2.34
414.48	-10.14
414.85	57.73
415.23	83.48
415.60	62.41
415.98	10.14
416.35	44.47
416.73	82.70
417.10	27.31
417.47	36.67
417.85	66.32
418.22	28.87
418.60	-3.90
418.97	70.22
419.34	-11.70
419.72	72.56
420.09	65.53
420.47	34.33
420.84	28.87
421.21	42.13
421.59	16.38
421.96	48.37
422.34	61.63
422.71	20.28
423.08	67.10
423.46	84.26
423.83	3.90
424.20	64.75
424.58	28.09
424.95	46.81
425.32	28.09
425.70	67.10
426.07	52.27
426.44	106.10
426.82	40.57
427.19	47.59
427.56	49.93
427.94	48.37
428.31	113.91
428.68	81.92
429.05	54.61
429.43	95.18
429.80	88.16
430.17	56.95
430.55	75.68
430.92	81.92
431.29	109.22
431.66	35.11
432.04	85.04
432.41	69.44
432.78	63.97
433.15	64.75
433.53	100.64
433.90	62.41
434.27	114.69
434.64	93.62
435.02	49.93
435.39	112.35
435.76	71.78
436.13	121.71
436.51	97.52
436.88	92.84
437.25	102.98
437.62	118.59
437.99	81.14
438.37	72.56
438.74	113.13
439.11	76.46
439.48	97.52
439.85	99.86
440.22	76.46
440.60	74.12
440.97	94.40
441.34	96.74
441.71	62.41
442.08	76.46
442.45	96.74
442.83	72.56
443.20	93.62
443.57	138.09
443.94	151.35
444.31	137.31
444.68	120.93
445.05	134.97
445.42	135.75
445.79	175.54
446.17	131.85
446.54	95.96
446.91	69.44
447.28	74.90
447.65	166.96
448.02	134.97
448.39	84.26
448.76	118.59
449.13	92.84
449.50	137.31
449.87	102.20
450.24	120.93
450.61	107.66
450.99	128.73
451.36	163.84
451.73	99.08
452.10	138.09
452.47	160.72
452.84	117.03
453.21	161.50
453.58	141.99
453.95	79.58
454.32	210.65
454.69	150.57
455.06	145.11
455.43	184.90
455.80	142.77
456.17	118.59
456.54	168.52
456.91	112.35
457.28	193.48
457.65	88.94
458.02	169.30
458.39	193.48
458.76	173.20
459.13	145.11
459.49	197.39
459.86	163.06
460.23	151.35
460.60	159.16
460.97	172.42
461.34	170.08
461.71	126.39
462.08	173.20
462.45	169.30
462.82	197.39
463.19	157.60
463.56	142.77
463.93	190.36
464.29	182.56
464.66	170.86
465.03	158.38
465.40	174.76
465.77	179.44
466.14	172.42
466.51	209.09
466.88	216.89
467.24	184.90
467.61	228.59
467.98	178.66
468.35	177.88
468.72	198.95
469.09	269.94
469.46	170.08
469.82	246.54
470.19	259.80
470.56	253.56
470.93	261.36
471.30	282.42
471.66	257.46
472.03	208.31
472.40	230.93
472.77	255.90
473.14	256.68
473.50	263.70
473.87	275.40
474.24	269.94
474.61	304.27
474.98	308.95
475.34	304.27
475.71	308.17
476.08	320.65
476.45	289.45
476.81	338.60
477.18	333.14
477.55	298.03
477.92	317.53
478.28	301.93
478.65	369.02
479.02	298.81
479.38	345.62
479.75	323.77
480.12	355.76
480.49	368.24
480.85	425.98
481.22	394.77
481.59	355.76
481.95	365.90
482.32	417.40
482.69	429.10
483.05	358.10
483.42	411.93
483.79	376.83
484.15	417.40
484.52	404.91
484.89	417.40
485.25	461.87
485.62	439.24
485.99	447.04
486.35	419.74
486.72	386.19
487.08	408.81
487.45	446.26
487.82	443.14
488.18	443.92
488.55	493.85
488.92	486.05
489.28	491.51
489.65	475.91
490.01	462.65
490.38	484.49
490.75	466.55
491.11	580.45
491.48	515.70
491.84	526.62
492.21	513.36
492.57	539.10
492.94	489.95
493.30	609.32
493.67	527.40
494.04	488.39
494.40	521.16
494.77	511.80
495.13	523.50
495.50	572.65
495.86	509.46
496.23	514.14
496.59	478.25
496.96	501.65
497.32	559.39
497.69	557.83
498.05	547.69
498.42	584.35
498.78	502.43
499.15	500.09
499.51	566.41
499.88	571.87
500.24	519.60
500.61	538.32
500.97	532.86
501.34	514.14
501.70	564.07
502.06	569.53
502.43	564.07
502.79	600.74
503.16	559.39
503.52	586.69
503.89	642.09
504.25	524.28
504.61	545.34
504.98	627.26
505.34	575.77
505.71	613.22
506.07	581.23
506.43	631.94
506.80	629.60
507.16	618.68
507.53	554.71
507.89	599.96
508.25	601.52
508.62	656.91
508.98	606.98
509.34	565.63
509.71	684.22
510.07	621.80
510.44	656.91
510.80	649.89
511.16	688.90
511.53	638.97
511.89	670.17
512.25	665.49
512.61	702.94
512.98	645.21
513.34	686.56
513.70	606.20
514.07	688.90
514.43	636.63
514.79	662.37
515.16	685.00
515.52	610.88
515.88	653.79
516.24	705.28
516.61	632.72
516.97	645.21
517.33	658.47
517.69	698.26
518.06	713.86
518.42	685.78
518.78	658.47
519.14	730.25
519.51	614.00
519.87	674.07
520.23	666.27
520.59	697.48
520.96	688.12
521.32	688.90
521.68	633.51
522.04	691.24
522.40	666.27
522.77	747.41
523.13	738.83
523.49	727.91
523.85	673.29
524.21	675.63
524.58	727.13
524.94	649.89
525.30	709.96
525.66	731.81
526.02	700.60
526.38	692.02
526.74	709.18
527.11	735.71
527.47	706.84
527.83	708.40
528.19	739.61
528.55	696.70
528.91	702.16
529.27	699.82
529.63	667.83
530.00	728.69
530.36	727.91
530.72	717.76
531.08	748.19
531.44	737.27
531.80	729.47
532.16	746.63
532.52	710.74
532.88	706.84
533.24	750.53
533.60	699.04
533.96	745.07
534.32	771.60
534.69	743.51
535.05	723.23
535.41	745.07
535.77	784.08
536.13	712.30
536.49	807.48
536.85	783.30
537.21	768.48
537.57	751.31
537.93	770.82
538.29	733.37
538.65	764.58
539.01	762.23
539.37	722.45
539.73	748.19
540.09	750.53
540.45	759.89
540.81	826.21
541.17	755.99
541.53	755.99
541.88	780.96
542.24	738.83
542.60	759.11
542.96	803.58
543.32	773.94
543.68	805.14
544.04	736.49
544.40	778.62
544.76	804.36
545.12	881.60
545.48	805.14
545.84	839.47
546.20	805.92
546.56	897.99
546.91	823.09
547.27	875.36
547.63	760.67
547.99	804.36
548.35	820.75
548.71	826.99
549.07	860.54
549.43	837.13
549.78	797.34
550.14	825.43
550.50	808.26
550.86	795.00
551.22	802.80
551.58	826.21
551.93	844.15
552.29	802.02
552.65	766.92
553.01	812.95
553.37	797.34
553.72	830.89
554.08	823.09
554.44	807.48
554.80	896.43
555.16	868.34
555.51	856.64
555.87	892.52
556.23	830.11
556.59	873.02
556.95	866.00
557.30	882.38
557.66	925.29
558.02	882.38
558.38	896.43
558.73	868.34
559.09	834.01
559.45	849.61
559.80	863.66
560.16	805.92
560.52	886.28
560.88	887.84
561.23	812.95
561.59	890.96
561.95	918.27
562.30	888.62
562.66	856.64
563.02	942.46
563.38	863.66
563.73	885.50
564.09	869.90
564.45	896.43
564.80	855.08
565.16	919.83
565.52	871.46
565.87	915.15
566.23	833.23
566.58	832.45
566.94	880.04
567.30	831.67
567.65	855.08
568.01	905.01
568.37	904.23
568.72	930.75
569.08	873.02
569.43	841.03
569.79	829.33
570.15	915.15
570.50	890.96
570.86	879.26
571.21	880.04
571.57	874.58
571.92	941.68
572.28	862.88
572.64	852.74
572.99	789.54
573.35	845.71
573.70	784.08
574.06	899.55
574.41	869.12
574.77	887.06
575.12	841.03
575.48	834.01
575.83	845.71
576.19	883.94
576.54	888.62
576.90	848.05
577.26	818.41
577.61	887.84
577.96	844.15
578.32	830.11
578.67	890.96
579.03	829.33
579.38	835.57
579.74	859.76
580.09	851.96
580.45	845.71
580.80	868.34
581.16	814.51
581.51	844.15
581.87	866.78
582.22	876.92
582.57	795.78
582.93	902.67
583.28	882.38
583.64	807.48
583.99	855.86
584.35	830.11
584.70	877.70
585.05	855.08
585.41	860.54
585.76	849.61
586.12	835.57
586.47	828.55
586.82	815.29
587.18	848.05
587.53	798.90
587.88	910.47
588.24	793.44
588.59	843.37
588.94	802.02
589.30	920.61
589.65	853.52
590.00	830.11
590.36	886.28
590.71	848.83
591.06	829.33
591.42	770.04
591.77	845.71
592.12	876.14
592.48	794.22
592.83	838.69
593.18	745.07
593.54	869.12
593.89	804.36
594.24	809.05
594.59	819.19
594.95	805.14
595.30	859.76
595.65	823.87
596.00	814.51
596.36	844.93
596.71	837.13
597.06	838.69
597.41	835.57
597.77	864.44
598.12	862.88
598.47	919.05
598.82	826.21
599.17	851.17
599.53	909.69
599.88	802.02
600.23	830.89
600.58	840.25
600.93	839.47
601.29	837.91
601.64	848.83
601.99	867.56
602.34	812.95
602.69	899.55
603.05	887.06
603.40	792.66
603.75	814.51
604.10	896.43
604.45	890.18
604.80	818.41
605.15	819.19
605.50	846.49
605.86	880.82
606.21	838.69
606.56	854.30
606.91	804.36
607.26	844.15
607.61	832.45
607.96	797.34
608.31	780.96
608.66	842.59
609.01	818.41
609.37	832.45
609.72	791.10
610.07	823.87
610.42	826.21
610.77	865.22
611.12	841.03
611.47	860.54
611.82	834.79
612.17	885.50
612.52	819.97
612.87	858.98
613.22	886.28
613.57	823.87
613.92	796.56
614.27	847.27
614.62	825.43
614.97	766.92
615.32	839.47
615.67	787.20
616.02	763.79
616.37	866.78
616.72	740.39
617.07	789.54
617.42	839.47
617.77	851.17
618.12	842.59
618.47	765.36
618.82	837.91
619.17	786.42
619.52	791.88
619.87	799.68
620.22	786.42
620.56	809.05
620.91	865.22
621.26	712.30
621.61	833.23
621.96	752.09
622.31	794.22
622.66	755.21
623.01	794.22
623.36	776.28
623.71	816.07
624.05	763.79
624.40	666.27
624.75	721.67
625.10	809.05
625.45	748.97
625.80	750.53
626.15	835.57
626.49	826.21
626.84	783.30
627.19	819.19
627.54	784.08
627.89	750.53
628.23	738.05
628.58	753.65
628.93	774.72
629.28	707.62
629.63	770.04
629.97	693.58
630.32	755.21
630.67	780.18
631.02	751.31
631.37	802.02
631.71	741.95
632.06	721.67
632.41	813.73
632.76	699.04
633.10	706.84
633.45	766.92
633.80	773.94
634.15	721.67
634.49	700.60
634.84	699.82
635.19	725.57
635.54	713.08
635.88	713.08
636.23	681.10
636.58	671.73
636.92	698.26
637.27	752.87
637.62	719.32
637.96	637.41
638.31	695.14
638.66	781.74
639.00	742.73
639.35	732.59
639.70	709.96
640.04	755.99
640.39	676.41
640.74	718.54
641.08	741.17
641.43	699.04
641.78	676.41
642.12	731.03
642.47	667.05
642.81	732.59
643.16	734.93
643.51	665.49
643.85	715.42
644.20	696.70
644.54	746.63
644.89	685.00
645.24	685.78
645.58	702.16
645.93	641.31
646.27	661.59
646.62	698.26
646.96	725.57
647.31	694.36
647.65	720.10
648.00	724.01
648.35	645.21
648.69	648.33
649.04	695.14
649.38	667.83
649.73	663.93
650.07	667.05
650.42	689.68
650.76	651.45
651.11	666.27
651.45	664.71
651.80	654.57
652.14	669.39
652.49	692.02
652.83	703.72
653.18	667.05
653.52	689.68
653.86	593.72
654.21	687.34
654.55	596.06
654.90	655.35
655.24	628.82
655.59	720.89
655.93	679.54
656.27	644.43
656.62	640.53
656.96	676.41
657.31	642.87
657.65	675.63
658.00	639.75
658.34	588.25
658.68	663.93
659.03	636.63
659.37	689.68
659.71	614.78
660.06	624.92
660.40	690.46
660.75	626.48
661.09	667.05
661.43	592.16
661.78	697.48
662.12	705.28
662.46	610.88
662.81	599.96
663.15	621.02
663.49	674.85
663.84	619.46
664.18	612.44
664.52	680.32
664.86	667.83
665.21	568.75
665.55	610.88
665.89	617.90
666.24	635.85
666.58	639.75
666.92	683.44
667.26	589.03
667.61	623.36
667.95	656.13
668.29	688.90
668.63	610.10
668.98	592.94
669.32	649.89
669.66	590.60
670.00	610.10
670.35	551.59
670.69	627.26
671.03	641.31
671.37	593.72
671.71	635.85
672.06	578.11
672.40	582.01
672.74	561.73
673.08	553.15
673.42	530.52
673.76	603.86
674.11	589.03
674.45	627.26
674.79	543.00
675.13	589.03
675.47	562.51
675.81	571.09
676.16	579.67
676.50	526.62
676.84	535.20
677.18	531.30
677.52	560.17
677.86	585.13
678.20	571.87
678.54	538.32
678.88	642.87
679.23	500.09
679.57	598.40
679.91	551.59
680.25	534.42
680.59	602.30
680.93	530.52
681.27	543.00
681.61	561.73
681.95	521.16
682.29	489.95
682.63	535.20
682.97	520.38
683.31	513.36
683.65	543.00
683.99	496.19
684.33	525.84
684.67	561.73
685.01	562.51
685.35	494.63
685.69	510.24
686.03	513.36
686.37	494.63
686.71	489.95
687.05	540.66
687.39	531.30
687.73	489.95
688.07	546.91
688.41	511.02
688.75	490.73
689.09	480.59
689.43	480.59
689.77	402.57
690.11	496.19
690.45	461.09
690.79	475.91
691.13	485.27
691.46	493.85
691.80	464.99
692.14	493.07
692.48	467.33
692.82	550.81
693.16	472.79
693.50	486.05
693.84	504.00
694.18	474.35
694.51	429.88
694.85	470.45
695.19	483.71
695.53	475.91
695.87	460.31
696.21	484.49
696.55	472.01
696.88	511.02
697.22	492.29
697.56	460.31
697.90	507.90
698.24	430.66
698.57	477.47
698.91	440.02
699.25	436.90
699.59	425.98
699.93	421.30
700.26	496.19
700.60	507.12
700.94	504.00
701.28	464.99
701.61	461.87
701.95	474.35
702.29	403.35
702.63	429.10
702.96	429.88
703.30	403.35
703.64	478.25
703.98	468.89
704.31	489.17
704.65	444.70
704.99	472.01
705.32	461.87
705.66	436.12
706.00	458.74
706.34	481.37
706.67	455.62
707.01	418.18
707.35	424.42
707.68	411.93
708.02	388.53
708.36	427.54
708.69	441.58
709.03	396.33
709.36	443.14
709.70	464.21
710.04	418.18
710.37	425.20
710.71	408.81
711.05	404.91
711.38	382.29
711.72	357.32
712.05	353.42
712.39	441.58
712.73	434.56
713.06	433.00
713.40	431.44
713.73	404.91
714.07	467.33
714.41	399.45
714.74	418.96
715.08	355.76
715.41	401.01
715.75	394.77
716.08	388.53
716.42	376.05
716.75	386.97
717.09	350.30
717.42	329.24
717.76	406.47
718.09	342.50
718.43	420.52
718.76	596.84
719.10	413.49
719.43	329.24
719.77	446.26
720.10	369.02
720.44	405.69
720.77	412.71
721.11	363.56
721.44	357.32
721.78	372.15
722.11	338.60
722.45	395.55
722.78	360.44
723.11	397.11
723.45	405.69
723.78	371.36
724.12	318.31
724.45	398.67
724.79	368.24
725.12	317.53
725.45	383.85
725.79	326.89
726.12	354.20
726.45	383.07
726.79	328.46
727.12	369.02
727.46	365.90
727.79	390.09
728.12	365.90
728.46	362.78
728.79	386.97
729.12	394.77
729.46	327.68
729.79	351.86
730.12	375.27
730.46	392.43
730.79	379.95
731.12	379.17
731.46	336.26
731.79	347.18
732.12	402.57
732.45	326.89
732.79	320.65
733.12	334.70
733.45	317.53
733.79	297.25
734.12	337.04
734.45	333.14
734.78	326.11
735.12	373.71
735.45	366.68
735.78	380.73
736.11	371.36
736.45	314.41
736.78	344.06
737.11	340.94
737.44	331.58
737.77	297.25
738.11	315.19
738.44	358.10
738.77	338.60
739.10	352.64
739.43	262.14
739.77	355.76
740.10	343.28
740.43	309.73
740.76	312.07
741.09	329.24
741.42	323.77
741.75	335.48
742.09	337.82
742.42	319.09
742.75	326.89
743.08	362.00
743.41	322.21
743.74	315.97
744.07	283.20
744.40	301.93
744.74	321.43
745.07	363.56
745.40	323.77
745.73	318.31
746.06	312.85
746.39	277.74
746.72	344.06
747.05	324.55
747.38	312.07
747.71	308.17
748.04	327.68
748.37	382.29
748.70	315.19
749.03	234.05
749.36	301.93
749.69	351.08
750.02	276.96
750.35	276.96
750.68	254.34
751.01	277.74
751.34	297.25
751.67	313.63
752.00	305.05
752.33	234.83
752.66	257.46
752.99	224.69
753.32	270.72
753.65	250.44
753.98	281.64
754.31	347.18
754.64	271.50
754.97	288.67
755.30	268.38
755.63	308.95
755.96	280.08
756.29	293.35
756.62	267.60
756.94	255.90
757.27	286.33
757.60	274.62
757.93	262.14
758.26	219.23
758.59	315.19
758.92	313.63
759.25	252.00
759.57	260.58
759.90	238.73
760.23	301.93
760.56	319.87
760.89	270.72
761.22	301.93
761.54	298.03
761.87	250.44
762.20	284.77
762.53	291.01
762.86	195.04
763.19	197.39
763.51	213.77
763.84	206.75
764.17	222.35
764.50	255.12
764.82	272.28
765.15	282.42
765.48	241.86
765.81	229.37
766.14	238.73
766.46	265.26
766.79	240.30
767.12	262.14
767.45	234.05
767.77	156.04
768.10	197.39
768.43	257.46
768.75	196.61
769.08	279.30
769.41	213.77
769.74	230.15
770.06	237.95
770.39	190.36
770.72	234.83
771.04	219.23
771.37	273.06
771.70	219.23
772.02	218.45
772.35	230.15
772.68	189.58
773.00	217.67
773.33	199.73
773.65	220.01
773.98	166.96
774.31	244.98
774.63	198.17
774.96	232.49
775.29	164.62
775.61	202.85
775.94	181.00
776.26	180.22
776.59	199.73
776.92	155.26
777.24	191.14
777.57	220.01
777.89	234.05
778.22	162.28
778.54	134.19
778.87	157.60
779.19	191.14
779.52	188.02
779.84	159.16
780.17	223.91
780.50	189.58
780.82	177.10
781.15	200.51
781.47	157.60
781.80	216.89
782.12	202.85
782.45	197.39
782.77	265.26
783.10	176.32
783.42	157.60
783.74	182.56
784.07	144.33
784.39	221.57
784.72	163.84
785.04	225.47
785.37	228.59
785.69	204.41
786.02	220.01
786.34	222.35
786.66	192.70
786.99	148.23
787.31	177.88
787.64	188.80
787.96	141.21
788.28	120.15
788.61	192.70
788.93	136.53
789.26	194.26
789.58	205.19
789.90	162.28
790.23	154.48
790.55	128.73
790.87	168.52
791.20	173.98
791.52	131.07
791.84	159.16
792.17	165.40
792.49	202.07
792.81	159.16
793.14	131.85
793.46	232.49
793.78	149.01
794.11	121.71
794.43	164.62
794.75	205.19
795.07	205.19
795.40	224.69
795.72	189.58
796.04	160.72
796.37	177.10
796.69	132.63
797.01	149.01
797.33	184.90
797.66	170.08
797.98	166.96
798.30	125.61
798.62	114.69
798.94	170.08
799.27	145.89
799.59	205.19
799.91	88.94
800.23	144.33
800.55	153.70
800.88	149.01
801.20	172.42
801.52	166.18
801.84	145.11
802.16	144.33
802.48	153.70
802.81	165.40
803.13	144.33
803.45	127.17
803.77	191.14
804.09	195.82
804.41	143.55
804.73	140.43
805.05	130.29
805.38	140.43
805.70	149.01
806.02	152.92
806.34	138.87
806.66	185.68
806.98	106.10
807.30	151.35
807.62	184.12
807.94	100.64
808.26	196.61
808.58	127.95
808.90	153.70
809.22	95.18
809.54	151.35
809.87	177.88
810.19	176.32
810.51	162.28
810.83	102.20
811.15	109.22
811.47	147.45
811.79	183.34
812.11	138.87
812.43	143.55
812.75	138.09
813.07	83.48
813.38	198.17
813.70	111.57
814.02	137.31
814.34	84.26
814.66	174.76
814.98	152.13
815.30	107.66
815.62	115.47
815.94	184.12
816.26	104.54
816.58	163.84
816.90	127.17
817.22	121.71
817.54	143.55
817.86	124.05
818.17	104.54
818.49	80.36
818.81	123.27
819.13	95.18
819.45	117.81
819.77	99.86
820.09	114.69
820.40	173.20
820.72	102.98
821.04	86.60
821.36	159.16
821.68	108.44
822.00	128.73
822.31	145.11
822.63	101.42
822.95	88.16
823.27	118.59
823.59	138.87
823.90	125.61
824.22	60.85
824.54	93.62
824.86	143.55
825.18	131.07
825.49	149.01
825.81	120.93
826.13	131.07
826.45	74.90
826.76	26.53
827.08	75.68
827.40	74.12
827.72	159.16
828.03	23.41
828.35	54.61
828.67	56.95
828.98	45.25
829.30	73.34
829.62	75.68
829.93	48.37
830.25	88.94
830.57	104.54
830.88	95.18
831.20	82.70
831.52	135.75
831.83	100.64
832.15	92.06
832.47	77.24
832.78	99.08
833.10	73.34
833.42	39.79
833.73	94.40
834.05	91.28
834.36	95.96
834.68	112.35
835.00	71.00
835.31	56.95
835.63	50.71
835.94	32.77
836.26	87.38
836.58	65.53
836.89	59.29
837.21	126.39
837.52	81.92
837.84	84.26
838.15	71.78
838.47	99.86
838.78	56.95
839.10	37.45
839.41	119.37
839.73	81.14
840.04	92.06
840.36	78.02
840.67	90.50
840.99	64.75
841.30	73.34
841.62	35.11
841.93	113.91
842.25	82.70
842.56	69.44
842.88	60.07
843.19	52.27
843.51	74.12
843.82	54.61
844.14	101.42
844.45	72.56
844.76	78.02
845.08	67.10
845.39	11.70
845.71	74.12
846.02	115.47
846.33	16.38
846.65	77.24
846.96	42.13
847.28	67.88
847.59	53.05
847.90	72.56
848.22	62.41
848.53	105.32
848.84	36.67
849.16	98.30
849.47	73.34
849.78	35.11
850.10	75.68
850.41	59.29
850.72	113.13
851.04	19.50
851.35	68.66
851.66	96.74
851.98	43.69
852.29	35.89
852.60	52.27
852.92	60.85
853.23	9.36
853.54	90.50
853.85	39.01
854.17	34.33
854.48	55.39
854.79	47.59
855.10	89.72
855.42	36.67
855.73	31.21
856.04	31.21
856.35	66.32
856.66	26.53
856.98	-33.55
857.29	51.49
857.60	70.22
857.91	51.49
858.22	54.61
858.54	69.44
858.85	10.14
859.16	81.14
859.47	17.94
859.78	-35.89
860.09	45.25
860.41	63.19
860.72	28.09
861.03	40.57
861.34	0.78
861.65	22.63
861.96	50.71
862.27	-14.04
862.58	25.75
862.90	27.31
863.21	-1.56
863.52	90.50
863.83	7.02
864.14	61.63
864.45	34.33
864.76	55.39
865.07	-6.24
865.38	5.46
865.69	31.99
866.00	84.26
866.31	90.50
866.62	69.44
866.93	7.80
867.24	15.60
867.55	76.46
867.86	54.61
868.17	15.60
868.48	30.43
868.79	31.99
869.10	58.51
869.41	7.80
869.72	34.33
870.03	65.53
870.34	13.26
870.65	31.21
870.96	41.35
871.27	9.36
871.58	17.16
871.89	71.00
872.20	46.03
872.51	76.46
872.82	-14.04
873.13	2.34
873.44	31.21
873.74	46.81
874.05	-14.04
874.36	27.31
874.67	23.41
874.98	43.69
875.29	39.79
875.60	25.75
875.91	22.63
876.21	24.19
876.52	10.14
876.83	-7.02
877.14	47.59
877.45	20.28
877.76	-3.90
878.06	31.99
878.37	18.72
878.68	12.48
878.99	17.94
879.30	28.09
879.61	-49.15
879.91	40.57
880.22	-17.16
880.53	24.97
880.84	55.39
881.14	33.55
881.45	37.45
881.76	9.36
882.07	-12.48
882.37	49.15
882.68	-8.58
882.99	43.69
883.30	9.36
883.60	-15.60
883.91	32.77
884.22	61.63
884.52	4.68
884.83	59.29
885.14	74.90
885.45	36.67
885.75	20.28
886.06	42.13
886.37	-14.82
886.67	-36.67
886.98	12.48
887.29	41.35
887.59	-14.82
887.90	-19.50
888.20	23.41
888.51	49.15
888.82	-0.78
889.12	44.47
889.43	-2.34
889.74	-40.57
890.04	39.79
890.35	3.90
890.65	65.53
890.96	-44.47
891.26	-9.36
891.57	34.33
891.88	11.70
892.18	36.67
892.49	-32.77
892.79	29.65
893.10	1.56
893.40	0.78
893.71	15.60
894.01	-31.21
894.32	-23.41
894.62	-13.26
894.93	13.26
895.23	7.80
895.54	-15.60
895.84	11.70
896.15	0.00
896.45	-16.38
896.76	-10.92
897.06	-20.28
897.37	4.68
897.67	14.04
897.98	46.03
898.28	57.73
898.59	-10.92
898.89	-13.26
899.19	15.60
899.50	-22.63
899.80	-44.47
900.11	22.63
900.41	-20.28
900.71	4.68
901.02	-0.78
901.32	78.80
901.63	-61.63
901.93	37.45
902.23	19.50
902.54	39.01
902.84	-15.60
903.14	7.02
903.45	0.78
903.75	24.97
904.05	-25.75
904.36	39.01
904.66	50.71
904.96	6.24
905.27	46.81
905.57	18.72
905.87	15.60
906.18	-2.34
906.48	73.34
906.78	58.51
907.08	14.82
907.39	3.90
907.69	15.60
907.99	44.47
908.30	-2.34
908.60	-0.78
908.90	98.30
909.20	24.19
909.50	20.28
909.81	26.53
910.11	38.23
910.41	-15.60
910.71	14.04
911.02	60.07
911.32	-0.78
911.62	-30.43
911.92	-14.04
912.22	-47.59
912.52	-37.45
912.83	16.38
913.13	7.80
913.43	17.94
913.73	9.36
914.03	-11.70
914.33	-3.90
914.64	-3.12
914.94	10.92
915.24	-61.63
915.54	-5.46
915.84	-17.16
916.14	-30.43
916.44	7.80
916.74	-26.53
917.04	-9.36
917.34	49.93
917.64	31.21
917.95	13.26
918.25	-22.63
918.55	0.78
918.85	7.80
919.15	-13.26
919.45	-16.38
919.75	3.90
920.05	-30.43
920.35	14.82
920.65	-52.27
920.95	21.84
921.25	23.41
921.55	-21.06
921.85	-34.33
922.15	-10.14
922.45	-24.97
922.75	12.48
923.05	-14.82
923.35	-4.68
923.65	-35.11
923.95	-79.58
924.25	-99.86
924.55	16.38
924.84	-27.31
925.14	-25.75
925.44	-19.50
925.74	18.72
926.04	-12.48
926.34	-31.99
926.64	-3.12
926.94	-15.60
927.24	-20.28
927.54	35.11
927.83	25.75
928.13	9.36
928.43	12.48
928.73	-10.14
929.03	-60.07
929.33	-17.16
929.63	-24.97
929.92	-3.12
930.22	-33.55
930.52	-53.83
930.82	-35.89
931.12	-67.10
931.41	-38.23
931.71	39.79
932.01	-23.41
932.31	7.02
932.61	-42.91
932.90	-35.89
933.20	-31.21
933.50	-54.61
933.80	8.58
934.09	-36.67
934.39	-19.50
934.69	-17.16
934.99	-11.70
935.28	-20.28
935.58	13.26
935.88	-31.21
936.18	-33.55
936.47	-33.55
936.77	-21.06
937.07	-44.47
937.36	-40.57
937.66	-55.39
937.96	-87.38
938.25	-50.71
938.55	-10.92
938.85	29.65
939.14	-1.56
939.44	-7.80
939.74	-10.14
940.03	-63.19
940.33	-49.15
940.62	27.31
940.92	-72.56
941.22	-10.14
941.51	-14.04
941.81	-52.27
942.10	-22.63
942.40	5.46
942.70	-16.38
942.99	-35.89
943.29	-14.82
943.58	0.00
943.88	-21.06
944.17	-59.29
944.47	-13.26
944.76	-49.15
945.06	-16.38
945.36	-63.97
945.65	-41.35
945.95	-29.65
946.24	-16.38
946.54	-75.68
946.83	-77.24
947.13	-68.66
947.42	-63.97
947.71	-18.72
948.01	-41.35
948.30	-57.73
948.60	-84.26
948.89	-17.94
949.19	-48.37
949.48	35.11
949.78	-32.77
950.07	-41.35
950.37	-55.39
950.66	-3.90
950.95	-63.19
951.25	-82.70
951.54	-72.56
951.84	-52.27
952.13	-26.53
952.42	-30.43
952.72	-74.12
953.01	-45.25
953.30	-75.68
953.60	-74.12
953.89	-75.68
954.18	16.38
954.48	-58.51
954.77	-29.65
955.06	-39.01
955.36	-14.04
955.65	-14.04
955.94	-41.35
956.24	-83.48
956.53	-50.71
956.82	-29.65
957.12	-56.95
957.41	-26.53
957.70	-47.59
957.99	-21.85
958.29	-4.68
958.58	-37.45
958.87	-51.49
959.16	-82.70
959.46	-32.77
959.75	3.12
960.04	20.28
960.33	-38.23
960.63	-49.93
960.92	1.56
961.21	-33.55
961.50	-72.56
961.79	-46.03
962.08	-28.09
962.38	-35.11
962.67	-8.58
962.96	-56.95
963.25	-10.14
963.54	-46.81
963.83	-42.91
964.13	-5.46
964.42	-11.70
964.71	12.48
965.00	19.50
965.29	-29.65
965.58	-68.66
965.87	-107.66
966.16	-32.77
966.45	-4.68
966.75	-67.88
967.04	-1.56
967.33	-9.36
967.62	-10.92
967.91	-67.88
968.20	-56.95
968.49	-42.91
968.78	74.90
969.07	-9.36
969.36	-22.63
969.65	-32.77
969.94	-83.48
970.23	-63.97
970.52	-63.97
970.81	-42.91
971.10	-31.99
971.39	-32.77
971.68	-47.59
971.97	-56.17
972.26	-63.19
972.55	-14.04
972.84	10.92
973.13	-99.08
973.42	-42.13
973.71	-37.45
974.00	-69.44
974.29	-58.51
974.58	-38.23
974.87	-72.56
975.15	-16.38
975.44	-41.35
975.73	-90.50
976.02	-99.86
976.31	-85.04
976.60	-30.43
976.89	-76.46
977.18	7.80
977.47	-92.84
977.75	-49.93
978.04	-54.61
978.33	-35.11
978.62	-35.11
978.91	-47.59
979.20	-48.37
979.48	-51.49
979.77	-84.26
980.06	-71.78
980.35	-24.97
980.64	-35.11
980.92	-39.79
981.21	-9.36
981.50	-67.10
981.79	-60.85
982.07	-28.87
982.36	-7.02
982.65	-39.01
982.94	-7.02
983.22	-46.81
983.51	-92.84
983.80	-42.13
984.09	3.12
984.37	-51.49
984.66	-20.28
984.95	-35.11
985.23	-17.94
985.52	-22.63
985.81	-85.04
986.10	-72.56
986.38	-90.50
986.67	-7.80
986.96	-52.27
987.24	-36.67
987.53	-59.29
987.81	-49.15
988.10	-55.39
988.39	-21.06
988.67	-91.28
988.96	-17.16
989.25	-68.66
989.53	-35.11
989.82	5.46
990.10	-47.59
990.39	-40.57
990.68	-46.03
990.96	-102.98
991.25	-55.39
991.53	-21.06
991.82	-67.88
992.10	-37.45
992.39	-43.69
992.67	-83.48
992.96	-74.12
993.24	-42.13
993.53	-83.48
993.82	-42.13
994.10	-32.77
994.39	-53.05
994.67	-55.39
994.96	-60.85
995.24	-47.59
995.52	-35.11
995.81	-81.14
996.09	-42.91
996.38	-21.06
996.66	-53.83
996.95	31.21
997.23	-30.43
997.52	-56.95
997.80	-43.69
998.08	-91.28
998.37	-74.12
998.65	-63.19
998.94	-32.77
999.22	-31.99
999.50	-110.79
999.79	-43.69
1000.07	-11.70
1000.36	-59.29
1000.64	-50.71
1000.92	-42.91
1001.21	-78.02
1001.49	-66.32
1001.77	7.80
1002.06	-76.46
1002.34	-3.12
1002.62	-35.89
1002.91	-58.51
1003.19	-35.11
1003.47	-21.85
1003.76	-17.16
1004.04	-18.72
1004.32	-32.77
1004.60	-4.68
1004.89	-17.94
1005.17	-50.71
1005.45	-45.25
1005.74	-63.19
1006.02	-53.05
1006.30	-26.53
1006.58	-51.49
1006.86	-55.39
1007.15	-59.29
1007.43	-46.81
1007.71	-53.05
1007.99	-25.75
1008.28	-17.16
1008.56	-46.03
1008.84	-120.15
1009.12	-19.50
1009.40	-31.99
1009.68	-29.65
1009.97	-100.64
1010.25	-13.26
1010.53	-70.22
1010.81	-28.09
1011.09	-19.50
1011.37	-36.67
1011.65	-76.46
1011.94	-26.53
1012.22	-71.00
1012.50	-20.28
1012.78	-36.67
1013.06	-46.03
1013.34	10.92
1013.62	-51.49
1013.90	-38.23
1014.18	-52.27
1014.46	-18.72
1014.74	-35.11
1015.02	-8.58
1015.30	-27.31
1015.58	-34.33
1015.87	-49.93
1016.15	-45.25
1016.43	-59.29
1016.71	-78.02
1016.99	-86.60
1017.27	-45.25
1017.55	-28.87
1017.83	-76.46
1018.11	-42.91
1018.39	-26.53
1018.66	-28.09
1018.94	-52.27
1019.22	-28.09
1019.50	-31.21
1019.78	-39.79
1020.06	-95.18
1020.34	-31.99
1020.62	-17.16
1020.90	-51.49
1021.18	40.57
1021.46	-36.67
1021.74	-58.51
1022.02	-89.72
1022.29	-44.47
1022.57	-82.70
1022.85	4.68
1023.13	-31.99
1023.41	-57.73
1023.69	3.90
1023.97	-19.50
1024.25	-95.96
1024.52	-97.52
1024.80	-99.86
1025.08	-99.86
1025.36	-99.86
