341.05	-26.53
341.43	-26.53
341.82	-26.53
342.20	-13.26
342.58	-63.97
342.96	-35.89
343.34	-27.31
343.73	-29.65
344.11	-24.19
344.49	-56.95
344.87	-31.21
345.25	-73.34
345.64	-14.82
346.02	-31.99
346.40	1.56
346.78	-21.84
347.16	-2.34
347.55	-13.26
347.93	-29.65
348.31	-10.92
348.69	-43.69
349.07	-10.92
349.45	-37.45
349.83	-24.97
350.22	-9.36
350.60	-49.15
350.98	-7.02
351.36	-77.24
351.74	4.68
352.12	-39.01
352.50	-7.02
352.88	-24.97
353.27	-42.13
353.65	-36.67
354.03	-51.49
354.41	-50.71
354.79	-71.78
355.17	25.75
355.55	28.09
355.93	-52.27
356.31	-32.77
356.69	-56.95
357.08	-17.94
357.46	24.97
357.84	-1.56
358.22	-48.37
358.60	-35.89
358.98	-14.82
359.36	-14.82
359.74	-60.07
360.12	8.58
360.50	-31.99
360.88	-42.13
361.26	-17.16
361.64	12.48
362.02	-73.34
362.40	1.56
362.78	16.38
363.16	-78.80
363.54	30.43
363.92	-60.07
364.30	-41.35
364.68	-25.75
365.06	-10.14
365.44	-31.21
365.82	-10.92
366.20	-14.82
366.58	-30.43
366.96	-9.36
367.34	-35.11
367.72	-16.38
368.10	21.06
368.48	-9.36
368.86	-15.60
369.24	10.14
369.62	-14.82
370.00	0.78
370.38	-42.13
370.75	28.09
371.13	50.71
371.51	-52.27
371.89	-31.99
372.27	-1.56
372.65	-6.24
373.03	-37.45
373.41	-26.53
373.79	-16.38
374.17	19.50
374.55	-35.89
374.92	-30.43
375.30	-10.92
375.68	-21.84
376.06	3.12
376.44	3.90
376.82	0.78
377.20	-13.26
377.58	-34.33
377.95	-24.19
378.33	13.26
378.71	-2.34
379.09	5.46
379.47	14.04
379.85	-39.79
380.22	-47.59
380.60	-36.67
380.98	-10.14
381.36	-50.71
381.74	1.56
382.11	-33.55
382.49	3.90
382.87	-20.28
383.25	-14.04
383.63	-17.94
384.00	-48.37
384.38	-13.26
384.76	-39.79
385.14	24.19
385.52	30.43
385.89	-44.47
386.27	-14.04
386.65	-43.69
387.03	-25.75
387.40	-42.13
387.78	-7.02
388.16	10.92
388.54	-40.57
388.91	3.90
389.29	21.84
389.67	-48.37
390.05	38.23
390.42	-17.16
390.80	49.93
391.18	-6.24
391.55	-81.92
391.93	-21.85
392.31	-7.80
392.68	-11.70
393.06	7.80
393.44	-16.38
393.82	18.72
394.19	20.28
394.57	14.82
394.95	-10.14
395.32	43.69
395.70	12.48
396.08	50.71
396.45	36.67
396.83	18.72
397.21	18.72
397.58	23.41
397.96	21.85
398.33	40.57
398.71	57.73
399.09	24.97
399.46	22.63
399.84	22.63
400.22	-67.10
400.59	17.16
400.97	-9.36
401.34	59.29
401.72	-5.46
402.10	22.63
402.47	46.81
402.85	-63.97
403.22	-3.90
403.60	4.68
403.97	44.47
404.35	24.97
404.73	-0.78
405.10	42.13
405.48	-21.06
405.85	-17.94
406.23	17.16
406.60	43.69
406.98	17.16
407.35	57.73
407.73	-21.06
408.11	-24.19
408.48	95.18
408.86	-0.78
409.23	-7.02
409.61	34.33
409.98	-2.34
410.36	-19.50
410.73	-12.48
411.11	-22.63
411.48	20.28
411.86	-37.45
412.23	-8.58
412.61	33.55
412.98	35.11
413.35	22.63
413.73	14.82
414.10	-42.13
414.48	-23.41
414.85	-27.31
415.23	11.70
415.60	14.04
415.98	-2.34
416.35	24.19
416.73	35.89
417.10	3.12
417.47	14.04
417.85	39.01
418.22	20.28
418.60	14.04
418.97	29.65
419.34	3.12
419.72	3.90
420.09	53.05
420.47	9.36
420.84	25.75
421.21	-11.70
421.59	-6.24
421.96	56.17
422.34	46.03
422.71	-49.15
423.08	-10.92
423.46	38.23
423.83	14.04
424.20	15.60
424.58	46.81
424.95	28.09
425.32	-35.11
425.70	8.58
426.07	-15.60
426.44	42.13
426.82	-6.24
427.19	29.65
427.56	48.37
427.94	22.63
428.31	46.81
428.68	40.57
429.05	-6.24
429.43	21.06
429.80	14.04
430.17	3.90
430.55	82.70
430.92	55.39
431.29	62.41
431.66	-10.92
432.04	36.67
432.41	6.24
432.78	-8.58
433.15	-7.80
433.53	31.99
433.90	19.50
434.27	35.89
434.64	19.50
435.02	13.26
435.39	45.25
435.76	70.22
436.13	61.63
436.51	35.89
436.88	21.84
437.25	52.27
437.62	72.56
437.99	28.09
438.37	-25.75
438.74	81.92
439.11	25.75
439.48	44.47
439.85	23.41
440.22	56.17
440.60	45.25
440.97	42.91
441.34	22.63
441.71	14.82
442.08	45.25
442.45	24.97
442.83	-4.68
443.20	0.00
443.57	84.26
443.94	66.32
444.31	59.29
444.68	76.46
445.05	99.86
445.42	71.78
445.79	116.25
446.17	68.66
446.54	37.45
446.91	45.25
447.28	53.83
447.65	78.02
448.02	27.31
448.39	77.24
448.76	17.94
449.13	52.27
449.50	74.12
449.87	39.79
450.24	7.02
450.61	11.70
450.99	75.68
451.36	87.38
451.73	29.65
452.10	74.12
452.47	78.02
452.84	78.02
453.21	94.40
453.58	43.69
453.95	13.26
454.32	82.70
454.69	40.57
455.06	83.48
455.43	41.35
455.80	71.78
456.17	46.03
456.54	118.59
456.91	46.03
457.28	56.17
457.65	82.70
458.02	84.26
458.39	84.26
458.76	45.25
459.13	18.72
459.49	16.38
459.86	127.17
460.23	62.41
460.60	62.41
460.97	109.22
461.34	79.58
461.71	-45.25
462.08	63.19
462.45	80.36
462.82	112.35
463.19	117.03
463.56	113.13
463.93	109.22
464.29	106.10
464.66	91.28
465.03	75.68
465.40	60.07
465.77	40.57
466.14	71.00
466.51	84.26
466.88	96.74
467.24	51.49
467.61	92.84
467.98	52.27
468.35	59.29
468.72	92.84
469.09	110.01
469.46	78.02
469.82	99.86
470.19	124.05
470.56	133.41
470.93	124.83
471.30	114.69
471.66	124.83
472.03	78.02
472.40	120.15
472.77	141.99
473.14	134.97
473.50	89.72
473.87	127.17
474.24	134.19
474.61	124.05
474.98	107.66
475.34	110.01
475.71	152.13
476.08	120.93
476.45	179.44
476.81	182.56
477.18	162.28
477.55	159.16
477.92	198.95
478.28	140.43
478.65	203.63
479.02	87.38
479.38	102.98
479.75	144.33
480.12	207.53
480.49	216.11
480.85	191.92
481.22	152.13
481.59	155.26
481.95	188.02
482.32	205.19
482.69	246.54
483.05	197.39
483.42	203.63
483.79	199.73
484.15	192.70
484.52	152.13
484.89	231.71
485.25	258.24
485.62	235.61
485.99	203.63
486.35	195.04
486.72	239.51
487.08	194.26
487.45	209.09
487.82	196.60
488.18	218.45
488.55	211.43
488.92	194.26
489.28	266.04
489.65	271.50
490.01	256.68
490.38	184.12
490.75	237.95
491.11	251.22
491.48	218.45
491.84	238.73
492.21	280.86
492.57	265.26
492.94	200.51
493.30	312.07
493.67	256.68
494.04	254.34
494.40	252.00
494.77	281.64
495.13	216.89
495.50	269.94
495.86	303.49
496.23	281.64
496.59	237.95
496.96	280.08
497.32	301.93
497.69	252.00
498.05	290.23
498.42	362.78
498.78	223.91
499.15	214.55
499.51	315.19
499.88	325.33
500.24	234.05
500.61	254.34
500.97	280.08
501.34	280.86
501.70	245.76
502.06	262.92
502.43	247.32
502.79	274.62
503.16	259.02
503.52	300.37
503.89	268.38
504.25	242.64
504.61	236.39
504.98	333.92
505.34	307.39
505.71	273.06
506.07	284.77
506.43	343.28
506.80	274.62
507.16	347.18
507.53	255.12
507.89	279.30
508.25	295.69
508.62	290.23
508.98	276.18
509.34	277.74
509.71	326.89
510.07	285.55
510.44	364.34
510.80	345.62
511.16	294.13
511.53	268.38
511.89	319.87
512.25	351.86
512.61	340.16
512.98	304.27
513.34	287.89
513.70	262.92
514.07	292.57
514.43	277.74
514.79	279.30
515.16	360.44
515.52	309.73
515.88	307.39
516.24	327.67
516.61	350.30
516.97	358.88
517.33	326.89
517.69	314.41
518.06	322.99
518.42	326.89
518.78	321.43
519.14	370.58
519.51	350.30
519.87	326.89
520.23	294.91
520.59	340.16
520.96	340.16
521.32	344.84
521.68	354.98
522.04	328.46
522.40	322.21
522.77	348.74
523.13	386.19
523.49	370.58
523.85	312.07
524.21	344.84
524.58	374.49
524.94	307.39
525.30	364.34
525.66	371.37
526.02	313.63
526.38	294.91
526.74	337.82
527.11	359.66
527.47	332.36
527.83	291.01
528.19	398.67
528.55	390.87
528.91	345.62
529.27	319.87
529.63	344.06
530.00	418.96
530.36	447.04
530.72	357.32
531.08	326.11
531.44	332.36
531.80	339.38
532.16	367.46
532.52	314.41
532.88	379.17
533.24	353.42
533.60	379.17
533.96	383.85
534.32	370.58
534.69	358.10
535.05	398.67
535.41	326.11
535.77	405.69
536.13	335.48
536.49	384.63
536.85	358.88
537.21	390.87
537.57	343.28
537.93	330.80
538.29	387.75
538.65	339.38
539.01	376.83
539.37	364.34
539.73	339.38
540.09	340.94
540.45	361.22
540.81	440.80
541.17	376.05
541.53	383.07
541.88	324.55
542.24	329.24
542.60	387.75
542.96	404.91
543.32	364.34
543.68	386.19
544.04	336.26
544.40	387.75
544.76	396.33
545.12	375.27
545.48	412.71
545.84	424.42
546.20	405.69
546.56	428.32
546.91	412.71
547.27	413.49
547.63	410.37
547.99	407.25
548.35	410.37
548.71	421.30
549.07	426.76
549.43	407.25
549.78	423.64
550.14	440.02
550.50	427.54
550.86	365.90
551.22	397.11
551.58	404.13
551.93	461.87
552.29	357.32
552.65	350.30
553.01	480.59
553.37	352.64
553.72	399.45
554.08	401.79
554.44	402.57
554.80	412.71
555.16	418.18
555.51	365.90
555.87	429.88
556.23	382.29
556.59	413.49
556.95	442.36
557.30	363.56
557.66	484.49
558.02	409.59
558.38	466.55
558.73	452.50
559.09	387.75
559.45	405.69
559.80	420.52
560.16	387.75
560.52	468.89
560.88	449.38
561.23	365.12
561.59	398.67
561.95	481.37
562.30	457.18
562.66	408.03
563.02	462.65
563.38	448.60
563.73	366.68
564.09	408.81
564.45	418.96
564.80	450.94
565.16	449.38
565.52	423.64
565.87	382.29
566.23	408.81
566.58	433.00
566.94	415.06
567.30	401.01
567.65	395.55
568.01	408.81
568.37	451.72
568.72	429.88
569.08	400.23
569.43	386.97
569.79	412.71
570.15	393.21
570.50	416.62
570.86	402.57
571.21	437.68
571.57	415.84
571.92	418.96
572.28	399.45
572.64	407.25
572.99	349.52
573.35	349.52
573.70	390.09
574.06	405.69
574.41	422.86
574.77	416.62
575.12	432.22
575.48	382.29
575.83	443.14
576.19	403.35
576.54	394.77
576.90	428.32
577.26	354.98
577.61	432.22
577.96	395.55
578.32	363.56
578.67	409.59
579.03	401.79
579.38	348.74
579.74	400.23
580.09	369.02
580.45	428.32
580.80	367.46
581.16	410.37
581.51	390.09
581.87	379.17
582.22	443.14
582.57	402.57
582.93	388.53
583.28	390.09
583.64	368.24
583.99	417.40
584.35	425.98
584.70	426.76
585.05	438.46
585.41	397.89
585.76	415.06
586.12	393.99
586.47	379.95
586.82	404.13
587.18	422.08
587.53	376.05
587.88	394.77
588.24	371.36
588.59	435.34
588.94	459.53
589.30	412.71
589.65	436.12
590.00	404.13
590.36	418.18
590.71	438.46
591.06	401.01
591.42	352.64
591.77	389.31
592.12	413.49
592.48	423.64
592.83	379.95
593.18	382.29
593.54	344.06
593.89	340.94
594.24	378.39
594.59	416.62
594.95	440.02
595.30	373.71
595.65	410.37
596.00	411.15
596.36	393.21
596.71	397.11
597.06	398.67
597.41	423.64
597.77	398.67
598.12	361.22
598.47	387.75
598.82	365.12
599.17	407.25
599.53	445.48
599.88	394.77
600.23	390.87
600.58	376.05
600.93	386.97
601.29	394.77
601.64	402.57
601.99	395.55
602.34	376.83
602.69	433.00
603.05	436.90
603.40	369.80
603.75	361.22
604.10	395.55
604.45	386.19
604.80	386.97
605.15	406.47
605.50	430.66
605.86	440.02
606.21	374.49
606.56	411.15
606.91	375.27
607.26	425.98
607.61	404.13
607.96	344.06
608.31	365.90
608.66	399.45
609.01	370.58
609.37	415.05
609.72	376.83
610.07	358.10
610.42	351.86
610.77	381.51
611.12	392.43
611.47	390.09
611.82	398.67
612.17	426.76
612.52	378.39
612.87	433.78
613.22	386.19
613.57	357.32
613.92	353.42
614.27	397.11
614.62	395.55
614.97	316.75
615.32	409.59
615.67	394.77
616.02	372.15
616.37	482.15
616.72	321.43
617.07	379.95
617.42	433.00
617.77	386.97
618.12	397.11
618.47	362.00
618.82	427.54
619.17	375.27
619.52	366.68
619.87	397.89
620.22	367.46
620.56	392.43
620.91	452.50
621.26	384.63
621.61	403.35
621.96	338.60
622.31	376.83
622.66	328.46
623.01	390.09
623.36	347.18
623.71	367.46
624.05	311.29
624.40	288.67
624.75	344.84
625.10	384.63
625.45	371.36
625.80	396.33
626.15	356.54
626.49	422.86
626.84	355.76
627.19	374.49
627.54	377.61
627.89	390.09
628.23	330.02
628.58	344.84
628.93	382.29
629.28	296.47
629.63	346.40
629.97	327.68
630.32	347.96
630.67	382.29
631.02	368.24
631.37	365.12
631.71	353.42
632.06	320.65
632.41	344.06
632.76	333.92
633.10	322.99
633.45	357.32
633.80	327.67
634.15	280.86
634.49	312.07
634.84	319.09
635.19	358.88
635.54	340.16
635.88	275.40
636.23	321.43
636.58	299.59
636.92	336.26
637.27	363.56
637.62	307.39
637.96	318.31
638.31	316.75
638.66	397.89
639.00	355.76
639.35	322.21
639.70	339.38
640.04	334.70
640.39	294.13
640.74	350.30
641.08	319.09
641.43	335.48
641.78	316.75
642.12	313.63
642.47	319.09
642.81	324.55
643.16	337.04
643.51	305.83
643.85	269.94
644.20	282.42
644.54	349.52
644.89	346.40
645.24	299.59
645.58	309.73
645.93	301.15
646.27	337.04
646.62	277.74
646.96	286.33
647.31	308.17
647.65	334.70
648.00	327.67
648.35	259.02
648.69	302.71
649.04	330.02
649.38	297.25
649.73	370.58
650.07	311.29
650.42	304.27
650.76	276.18
651.11	267.60
651.45	301.15
651.80	273.06
652.14	302.71
652.49	294.91
652.83	324.55
653.18	298.81
653.52	293.35
653.86	251.22
654.21	330.02
654.55	258.24
654.90	309.73
655.24	295.69
655.59	375.27
655.93	330.02
656.27	287.89
656.62	276.96
656.96	298.81
657.31	331.58
657.65	299.59
658.00	317.53
658.34	284.77
658.68	299.59
659.03	330.80
659.37	269.94
659.71	252.00
660.06	246.54
660.40	343.28
660.75	256.68
661.09	338.60
661.43	293.35
661.78	346.40
662.12	314.41
662.46	287.89
662.81	263.70
663.15	262.14
663.49	327.68
663.84	246.54
664.18	279.30
664.52	259.02
664.86	343.28
665.21	245.76
665.55	263.70
665.89	230.93
666.24	274.62
666.58	300.37
666.92	276.96
667.26	281.64
667.61	262.14
667.95	287.11
668.29	330.80
668.63	274.62
668.98	265.26
669.32	303.49
669.66	286.33
670.00	289.45
670.35	288.67
670.69	301.93
671.03	295.69
671.37	276.18
671.71	254.34
672.06	269.94
672.40	257.46
672.74	255.12
673.08	226.25
673.42	221.57
673.76	275.40
674.11	233.27
674.45	275.40
674.79	208.31
675.13	245.76
675.47	275.40
675.81	211.43
676.16	305.83
676.50	240.30
676.84	223.91
677.18	225.47
677.52	223.91
677.86	237.95
678.20	271.50
678.54	209.09
678.88	315.19
679.23	206.75
679.57	272.28
679.91	273.06
680.25	275.40
680.59	266.82
680.93	248.10
681.27	257.46
681.61	248.88
681.95	219.23
682.29	226.25
682.63	251.22
682.97	234.05
683.31	273.06
683.65	270.72
683.99	234.83
684.33	187.24
684.67	234.83
685.01	239.51
685.35	201.29
685.69	197.39
686.03	292.57
686.37	258.24
686.71	180.22
687.05	252.00
687.39	252.78
687.73	207.53
688.07	252.00
688.41	257.46
688.75	195.82
689.09	230.15
689.43	222.35
689.77	140.43
690.11	250.44
690.45	188.02
690.79	210.65
691.13	152.13
691.46	194.26
691.80	159.16
692.14	174.76
692.48	243.42
692.82	238.73
693.16	244.98
693.50	210.65
693.84	220.79
694.18	181.00
694.51	210.65
694.85	163.06
695.19	189.58
695.53	218.45
695.87	212.21
696.21	264.48
696.55	234.05
696.88	214.55
697.22	180.22
697.56	205.97
697.90	244.98
698.24	223.13
698.57	280.86
698.91	215.33
699.25	234.05
699.59	212.99
699.93	150.57
700.26	199.73
700.60	218.45
700.94	199.73
701.28	230.15
701.61	151.35
701.95	173.20
702.29	184.12
702.63	202.07
702.96	171.64
703.30	203.63
703.64	216.89
703.98	202.85
704.31	216.11
704.65	165.40
704.99	199.73
705.32	200.51
705.66	189.58
706.00	184.12
706.34	249.66
706.67	226.25
707.01	188.02
707.35	178.66
707.68	240.29
708.02	164.62
708.36	152.13
708.69	202.07
709.03	179.44
709.36	156.04
709.70	205.19
710.04	170.86
710.37	146.67
710.71	234.83
711.05	172.42
711.38	201.29
711.72	149.79
712.05	137.31
712.39	168.52
712.73	177.88
713.06	227.03
713.40	204.41
713.73	164.62
714.07	191.14
714.41	120.93
714.74	211.43
715.08	148.23
715.41	168.52
715.75	179.44
716.08	195.82
716.42	127.17
716.75	120.93
717.09	170.08
717.42	159.94
717.76	187.24
718.09	123.27
718.43	145.11
718.76	357.32
719.10	145.89
719.43	153.70
719.77	156.04
720.10	110.79
720.44	234.83
720.77	165.40
721.11	167.74
721.44	146.67
721.78	172.42
722.11	143.55
722.45	152.13
722.78	169.30
723.11	186.46
723.45	158.38
723.78	150.57
724.12	170.86
724.45	192.70
724.79	165.40
725.12	114.69
725.45	165.40
725.79	136.53
726.12	129.51
726.45	161.50
726.79	139.65
727.12	154.48
727.46	161.50
727.79	160.72
728.12	191.92
728.46	161.50
728.79	139.65
729.12	169.30
729.46	117.81
729.79	133.41
730.12	191.92
730.46	191.14
730.79	141.99
731.12	204.41
731.46	107.66
731.79	176.32
732.12	149.01
732.45	124.83
732.79	156.82
733.12	138.09
733.45	127.17
733.79	141.21
734.12	121.71
734.45	132.63
734.78	148.23
735.12	175.54
735.45	185.68
735.78	165.40
736.11	153.70
736.45	130.29
736.78	184.12
737.11	104.54
737.44	127.17
737.77	123.27
738.11	130.29
738.44	143.55
738.77	147.45
739.10	145.11
739.43	116.25
739.77	132.63
740.10	150.57
740.43	129.51
740.76	144.33
741.09	140.43
741.42	170.86
741.75	184.90
742.09	159.94
742.42	103.76
742.75	151.35
743.08	129.51
743.41	93.62
743.74	134.97
744.07	123.27
744.40	114.69
744.74	132.63
745.07	135.75
745.40	97.52
745.73	142.77
746.06	113.13
746.39	105.32
746.72	161.50
747.05	136.53
747.38	117.81
747.71	124.05
748.04	183.34
748.37	164.62
748.70	133.41
749.03	110.79
749.36	141.21
749.69	104.54
750.02	139.65
750.35	92.84
750.68	94.40
751.01	128.73
751.34	120.15
751.67	128.73
752.00	191.14
752.33	126.39
752.66	134.19
752.99	39.79
753.32	100.64
753.65	99.86
753.98	149.79
754.31	138.87
754.64	132.63
754.97	106.10
755.30	160.72
755.63	151.35
755.96	123.27
756.29	120.93
756.62	134.19
756.94	71.00
757.27	111.57
757.60	123.27
757.93	94.40
758.26	70.22
758.59	119.37
758.92	190.36
759.25	110.79
759.57	123.27
759.90	117.81
760.23	146.67
760.56	114.69
760.89	121.71
761.22	172.42
761.54	92.84
761.87	107.66
762.20	87.38
762.53	138.87
762.86	74.90
763.19	53.05
763.51	77.24
763.84	35.89
764.17	81.92
764.50	131.07
764.82	140.43
765.15	162.28
765.48	77.24
765.81	119.37
766.14	119.37
766.46	48.37
766.79	77.24
767.12	72.56
767.45	67.10
767.77	42.91
768.10	105.32
768.43	127.17
768.75	104.54
769.08	152.92
769.41	133.41
769.74	141.21
770.06	107.66
770.39	74.90
770.72	106.88
771.04	87.38
771.37	152.13
771.70	136.53
772.02	90.50
772.35	133.41
772.68	106.88
773.00	80.36
773.33	99.08
773.65	117.81
773.98	123.27
774.31	135.75
774.63	67.10
774.96	101.42
775.29	32.77
775.61	86.60
775.94	95.96
776.26	81.92
776.59	143.55
776.92	69.44
777.24	10.92
777.57	92.84
777.89	107.66
778.22	14.04
778.54	27.31
778.87	101.42
779.19	96.74
779.52	102.98
779.84	31.21
780.17	60.07
780.50	123.27
780.82	109.23
781.15	108.44
781.47	63.19
781.80	52.27
782.12	78.02
782.45	79.58
782.77	56.95
783.10	114.69
783.42	72.56
783.74	66.32
784.07	20.28
784.39	141.21
784.72	74.12
785.04	81.92
785.37	90.50
785.69	73.34
786.02	68.66
786.34	63.97
786.66	44.47
786.99	45.25
787.31	60.07
787.64	90.50
787.96	17.16
788.28	15.60
788.61	53.83
788.93	94.40
789.26	64.75
789.58	78.80
789.90	39.01
790.23	47.59
790.55	30.43
790.87	78.02
791.20	106.88
791.52	39.01
791.84	56.17
792.17	124.05
792.49	89.72
792.81	52.27
793.14	64.75
793.46	101.42
793.78	66.32
794.11	42.13
794.43	47.59
794.75	83.48
795.07	106.10
795.40	67.88
795.72	85.04
796.04	74.12
796.37	60.07
796.69	63.97
797.01	58.51
797.33	112.35
797.66	99.86
797.98	118.59
798.30	-7.80
798.62	21.06
798.94	88.94
799.27	98.30
799.59	119.37
799.91	47.59
800.23	104.54
800.55	80.36
800.88	62.41
801.20	97.52
801.52	75.68
801.84	60.85
802.16	39.01
802.48	59.29
802.81	101.42
803.13	86.60
803.45	96.74
803.77	78.80
804.09	87.38
804.41	17.94
804.73	115.47
805.05	106.88
805.38	35.89
805.70	66.32
806.02	110.79
806.34	43.69
806.66	34.33
806.98	50.71
807.30	115.47
807.62	42.13
807.94	-0.78
808.26	41.35
808.58	65.54
808.90	63.97
809.22	17.94
809.54	10.14
809.87	20.28
810.19	99.08
810.51	54.61
810.83	7.02
811.15	35.11
811.47	77.24
811.79	83.48
812.11	28.87
812.43	69.44
812.75	64.75
813.07	81.92
813.38	126.39
813.70	8.58
814.02	55.39
814.34	28.09
814.66	84.26
814.98	42.13
815.30	63.19
815.62	0.00
815.94	75.68
816.26	32.77
816.58	111.57
816.90	79.58
817.22	35.89
817.54	22.63
817.86	31.99
818.17	32.77
818.49	35.11
818.81	73.34
819.13	17.16
819.45	68.66
819.77	56.17
820.09	60.85
820.40	108.44
820.72	35.89
821.04	-6.24
821.36	81.14
821.68	10.14
822.00	52.27
822.31	35.11
822.63	6.24
822.95	75.68
823.27	64.75
823.59	64.75
823.90	71.00
824.22	56.17
824.54	28.09
824.86	81.92
825.18	54.61
825.49	60.85
825.81	52.27
826.13	71.78
826.45	44.47
826.76	-4.68
827.08	15.60
827.40	-21.06
827.72	85.82
828.03	20.28
828.35	-16.38
828.67	28.87
828.98	69.44
829.30	19.50
829.62	-17.94
829.93	31.21
830.25	71.78
830.57	86.60
830.88	18.72
831.20	77.24
831.52	50.71
831.83	31.21
832.15	48.37
832.47	21.85
832.78	34.33
833.10	9.36
833.42	-3.90
833.73	30.43
834.05	31.21
834.36	37.45
834.68	68.66
835.00	-7.80
835.31	7.80
835.63	46.03
835.94	-3.90
836.26	28.09
836.58	104.54
836.89	44.47
837.21	50.71
837.52	68.66
837.84	40.57
838.15	78.80
838.47	18.72
838.78	-34.33
839.10	41.35
839.41	2.34
839.73	73.34
840.04	48.37
840.36	16.38
840.67	36.67
840.99	-7.80
841.30	67.88
841.62	-19.50
841.93	53.05
842.25	35.89
842.56	47.59
842.88	46.03
843.19	4.68
843.51	0.78
843.82	0.00
844.14	55.39
844.45	37.45
844.76	14.82
845.08	39.01
845.39	-7.80
845.71	28.09
846.02	68.66
846.33	8.58
846.65	24.97
846.96	-30.43
847.28	40.57
847.59	46.03
847.90	46.81
848.22	46.81
848.53	28.09
848.84	-20.28
849.16	108.44
849.47	3.12
849.78	17.94
850.10	21.84
850.41	23.41
850.72	36.67
851.04	30.43
851.35	21.06
851.66	14.82
851.98	5.46
852.29	17.16
852.60	28.87
852.92	-37.45
853.23	-17.94
853.54	54.61
853.85	-3.90
854.17	-19.50
854.48	-16.38
854.79	63.19
855.10	23.41
855.42	-0.78
855.73	6.24
856.04	-33.55
856.35	-10.92
856.66	16.38
856.98	-36.67
857.29	45.25
857.60	46.81
857.91	30.43
858.22	-0.78
858.54	12.48
858.85	-9.36
859.16	8.58
859.47	1.56
859.78	-11.70
860.09	35.11
860.41	47.59
860.72	-11.70
861.03	-12.48
861.34	19.50
861.65	12.48
861.96	33.55
862.27	-9.36
862.58	7.02
862.90	47.59
863.21	46.03
863.52	19.50
863.83	-56.17
864.14	29.65
864.45	-11.70
864.76	14.04
865.07	11.70
865.38	3.12
865.69	14.82
866.00	12.48
866.31	42.13
866.62	47.59
866.93	-29.65
867.24	2.34
867.55	29.65
867.86	24.19
868.17	0.00
868.48	21.06
868.79	8.58
869.10	0.78
869.41	-27.31
869.72	1.56
870.03	25.75
870.34	-3.12
870.65	60.07
870.96	27.31
871.27	29.65
871.58	34.33
871.89	3.90
872.20	66.32
872.51	53.83
872.82	-22.63
873.13	39.01
873.44	-7.80
873.74	-24.97
874.05	8.58
874.36	-10.14
874.67	3.90
874.98	53.83
875.29	25.75
875.60	51.49
875.91	-28.87
876.21	12.48
876.52	-2.34
876.83	-37.45
877.14	0.78
877.45	3.90
877.76	-17.16
878.06	39.01
878.37	17.94
878.68	-7.80
878.99	7.02
879.30	7.02
879.61	-79.58
879.91	5.46
880.22	-14.82
880.53	38.23
880.84	42.91
881.14	-8.58
881.45	8.58
881.76	21.85
882.07	15.60
882.37	3.90
882.68	24.97
882.99	33.55
883.30	19.50
883.60	8.58
883.91	-42.91
884.22	40.57
884.52	-23.41
884.83	41.35
885.14	48.37
885.45	-15.60
885.75	-11.70
886.06	18.72
886.37	-34.33
886.67	-48.37
886.98	17.16
887.29	16.38
887.59	21.85
887.90	-71.78
888.20	-37.45
888.51	-35.11
888.82	-2.34
889.12	-3.12
889.43	-10.92
889.74	-3.90
890.04	-9.36
890.35	2.34
890.65	-7.80
890.96	-31.99
891.26	-30.43
891.57	40.57
891.88	82.70
892.18	15.60
892.49	-12.48
892.79	12.48
893.10	-34.33
893.40	-2.34
893.71	10.92
894.01	-10.14
894.32	14.04
894.62	20.28
894.93	0.78
895.23	-17.94
895.54	-3.90
895.84	7.80
896.15	-2.34
896.45	-49.93
896.76	3.12
897.06	-53.83
897.37	-5.46
897.67	17.94
897.98	37.45
898.28	-34.33
898.59	38.23
898.89	-44.47
899.19	39.01
899.50	-17.16
899.80	-56.17
900.11	-10.14
900.41	-9.36
900.71	41.35
901.02	-0.78
901.32	67.10
901.63	7.80
901.93	-11.70
902.23	-46.03
902.54	0.78
902.84	3.12
903.14	-5.46
903.45	46.81
903.75	17.16
904.05	-60.07
904.36	-3.90
904.66	3.90
904.96	14.82
905.27	-21.84
905.57	-21.06
905.87	-4.68
906.18	3.90
906.48	74.12
906.78	42.91
907.08	34.33
907.39	19.50
907.69	-17.16
907.99	45.25
908.30	-11.70
908.60	-7.80
908.90	58.51
909.20	2.34
909.50	-0.78
909.81	20.28
910.11	39.79
910.41	-46.81
910.71	10.92
911.02	22.63
911.32	-10.14
911.62	-6.24
911.92	31.99
912.22	-40.57
912.52	-50.71
912.83	-13.26
913.13	17.16
913.43	11.70
913.73	28.87
914.03	-48.37
914.33	-47.59
914.64	4.68
914.94	-28.09
915.24	-54.61
915.54	11.70
915.84	46.81
916.14	-21.06
916.44	-2.34
916.74	-40.57
917.04	-24.19
917.34	-12.48
917.64	29.65
917.95	10.14
918.25	-21.84
918.55	6.24
918.85	8.58
919.15	-31.99
919.45	-45.25
919.75	-63.97
920.05	-10.92
920.35	-10.92
920.65	-14.04
920.95	-12.48
921.25	-36.67
921.55	-15.60
921.85	8.58
922.15	13.26
922.45	-40.57
922.75	5.46
923.05	-37.45
923.35	-15.60
923.65	-43.69
923.95	-55.39
924.25	-92.06
924.55	51.49
924.84	14.04
925.14	-14.04
925.44	-56.17
925.74	24.19
926.04	-20.28
926.34	-3.90
926.64	-24.19
926.94	-10.92
927.24	-18.72
927.54	-26.53
927.83	19.50
928.13	7.80
928.43	28.87
928.73	4.68
929.03	-7.80
929.33	24.97
929.63	-17.94
929.92	10.92
930.22	-11.70
930.52	-78.80
930.82	-14.04
931.12	-32.77
931.41	-41.35
931.71	-21.84
932.01	14.04
932.31	-2.34
932.61	-18.72
932.90	-7.02
933.20	-40.57
933.50	-35.89
933.80	16.38
934.09	-19.50
934.39	-44.47
934.69	9.36
934.99	-8.58
935.28	-21.06
935.58	-26.53
935.88	-19.50
936.18	0.78
936.47	-26.53
936.77	-7.02
937.07	-3.12
937.36	-3.12
937.66	-25.75
937.96	-29.65
938.25	-6.24
938.55	-57.73
938.85	0.00
939.14	17.16
939.44	-25.75
939.74	-16.38
940.03	-40.57
940.33	-53.05
940.62	8.58
940.92	-39.79
941.22	-22.63
941.51	10.92
941.81	-29.65
942.10	-39.01
942.40	0.00
942.70	-24.97
942.99	-59.29
943.29	3.12
943.58	7.02
943.88	-28.09
944.17	-92.06
944.47	-26.53
944.76	-31.21
945.06	-47.59
945.36	-62.41
945.65	-26.53
945.95	-21.06
946.24	-31.99
946.54	-56.17
946.83	-53.83
947.13	-43.69
947.42	-7.02
947.71	11.70
948.01	-5.46
948.30	-46.03
948.60	-35.11
948.89	-18.72
949.19	-6.24
949.48	51.49
949.78	-39.01
950.07	-42.91
950.37	-1.56
950.66	-45.25
950.95	-11.70
951.25	-82.70
951.54	-10.14
951.84	-51.49
952.13	-59.29
952.42	-46.81
952.72	-55.39
953.01	21.85
953.30	-26.53
953.60	-33.55
953.89	-8.58
954.18	45.25
954.48	-64.75
954.77	21.84
955.06	-59.29
955.36	21.06
955.65	-13.26
955.94	-30.43
956.24	-45.25
956.53	-46.03
956.82	-28.09
957.12	-3.12
957.41	32.77
957.70	-29.65
957.99	-36.67
958.29	0.78
958.58	-24.97
958.87	-39.79
959.16	-2.34
959.46	-46.81
959.75	35.89
960.04	6.24
960.33	-21.06
960.63	-37.45
960.92	-26.53
961.21	-33.55
961.50	-15.60
961.79	-15.60
962.08	17.94
962.38	-24.19
962.67	53.83
962.96	-28.09
963.25	5.46
963.54	20.28
963.83	-46.03
964.13	3.12
964.42	-61.63
964.71	42.91
965.00	15.60
965.29	9.36
965.58	-35.89
965.87	-68.66
966.16	-30.43
966.45	-11.70
966.75	-67.88
967.04	-6.24
967.33	24.97
967.62	-23.41
967.91	-39.01
968.20	-40.57
968.49	26.53
968.78	67.88
969.07	46.03
969.36	-11.70
969.65	-17.16
969.94	-24.19
970.23	-30.43
970.52	3.90
970.81	-22.63
971.10	-7.80
971.39	3.12
971.68	-50.71
971.97	-22.63
972.26	7.80
972.55	-35.11
972.84	21.06
973.13	-52.27
973.42	24.19
973.71	-55.39
974.00	3.90
974.29	-10.92
974.58	4.68
974.87	-65.53
975.15	-0.78
975.44	-36.67
975.73	-38.23
976.02	-55.39
976.31	-57.73
976.60	9.36
976.89	-41.35
977.18	9.36
977.47	-24.19
977.75	-30.43
978.04	-45.25
978.33	-60.07
978.62	4.68
978.91	1.56
979.20	-67.10
979.48	-19.50
979.77	-26.53
980.06	-7.80
980.35	-45.25
980.64	-50.71
980.92	-11.70
981.21	-22.63
981.50	-78.80
981.79	-24.19
982.07	8.58
982.36	4.68
982.65	-38.23
982.94	-35.11
983.22	-51.49
983.51	-67.10
983.80	-21.06
984.09	-29.65
984.37	-39.01
984.66	21.84
984.95	-58.51
985.23	-29.65
985.52	22.63
985.81	-3.90
986.10	-23.41
986.38	-57.73
986.67	-31.99
986.96	-35.11
987.24	-16.38
987.53	-28.87
987.81	-37.45
988.10	0.00
988.39	18.72
988.67	-55.39
988.96	-6.24
989.25	23.41
989.53	-23.41
989.82	42.91
990.10	-18.72
990.39	43.69
990.68	-18.72
990.96	-94.40
991.25	-61.63
991.53	-20.28
991.82	-22.63
992.10	-37.45
992.39	-3.12
992.67	-78.80
992.96	-28.09
993.24	-39.79
993.53	-75.68
993.82	-10.92
994.10	-21.06
994.39	-7.02
994.67	-35.11
994.96	-5.46
995.24	-37.45
995.52	-10.92
995.81	-56.95
996.09	-60.07
996.38	-23.41
996.66	-45.25
996.95	30.43
997.23	-21.06
997.52	-52.27
997.80	9.36
998.08	-68.66
998.37	-30.43
998.65	-67.10
998.94	-20.28
999.22	-12.48
999.50	2.34
999.79	-12.48
1000.07	-43.69
1000.36	-48.37
1000.64	-40.57
1000.92	-63.19
1001.21	-18.72
1001.49	-14.82
1001.77	24.19
1002.06	-18.72
1002.34	-60.07
1002.62	-37.45
1002.91	-27.31
1003.19	21.84
1003.47	-14.82
1003.76	13.26
1004.04	19.50
1004.32	7.02
1004.60	-51.49
1004.89	-12.48
1005.17	-10.92
1005.45	-3.90
1005.74	-14.82
1006.02	-56.17
1006.30	7.80
1006.58	-35.11
1006.86	-26.53
1007.15	-25.75
1007.43	-29.65
1007.71	-44.47
1007.99	-9.36
1008.28	-43.69
1008.56	-71.78
1008.84	-58.51
1009.12	-14.82
1009.40	-27.31
1009.68	-27.31
1009.97	-24.97
1010.25	-28.87
1010.53	15.60
1010.81	0.78
1011.09	10.14
1011.37	-33.55
1011.65	-17.94
1011.94	-0.78
1012.22	-32.77
1012.50	-38.23
1012.78	-53.05
1013.06	-53.05
1013.34	-35.11
1013.62	-25.75
1013.90	-60.07
1014.18	-44.47
1014.46	6.24
1014.74	-8.58
1015.02	-2.34
1015.30	-38.23
1015.58	-16.38
1015.87	0.00
1016.15	-39.79
1016.43	-37.45
1016.71	-58.51
1016.99	-30.43
1017.27	-23.41
1017.55	-16.38
1017.83	-48.37
1018.11	21.84
1018.39	28.87
1018.66	-7.80
1018.94	-35.11
1019.22	-46.81
1019.50	-31.21
1019.78	-28.87
1020.06	-49.15
1020.34	-37.45
1020.62	-44.47
1020.90	-39.01
1021.18	10.92
1021.46	-19.50
1021.74	-24.97
1022.02	-47.59
1022.29	-78.02
1022.57	-56.95
1022.85	19.50
1023.13	-7.80
1023.41	-39.01
1023.69	17.16
1023.97	-27.31
1024.25	-67.10
1024.52	1.56
1024.80	-46.81
1025.08	-46.81
1025.36	-46.81
